137
131
184
105
139
121
131
187
158
121
147
151
164
149
115
106
185
155
176
181
172
139
159
105
175
175
108
180
156
134
104
131
143
132
170
142
123
106
112
146
104
157
152
146
159
135
176
127
126
135
143
103
114
118
144
149
125
134
197
146
117
135
182
158
146
140
133
134
115
115
143
184
162
139
170
168
143
126
152
157
142
148
133
168
100
152
135
157
154
151
116
122
162
199
119
173
153
167
134
157
114
163
197
138
139
170
113
162
193
125
140
177
184
173
129
159
176
155
129
124
126
147
180
118
173
115
108
187
157
107
175
164
109
168
137
111
190
194
144
184
176
119
147
187
107
177
115
157
132
125
1000327
1000186
193
129
116
196
147
182
113
129
109
109
159
176
135
175
100
174
102
181
146
101
139
129
199
161
174
111
165
193
130
185
149
166
119
153
112
133
132
146
187
160
108
100
163
116
121
195
100
157
178
176
